Data/Files/Sample.GRD
DSAA
50 39
0 900
0 700
25 104.262                      
90.7183 88.9603 86.5883 84.1013 81.5134 78.8411 76.1033 73.3204 70.514 67.7064 
64.9212 62.1829 59.5176 56.9531 54.5188 52.244 50.1551 48.2687 46.5843 45.0791 
47.6001 50.425 53.2586 56.0357 58.6981 61.2018 63.5254 63.881 60.3235 56.6832 
53.025 49.4125 45.8959 42.4979 40.9086 44.6339 48.2803 51.6914 54.6969 53.7778 
51.9334 49.6869 47.1395 44.3654 41.4148 38.3227 35.1156 31.8147 28.4377 25 

91.573 89.7568 87.4818 84.9785 82.334 79.5849 76.7583 73.8796 70.9736 68.0658 
65.182 62.3496 59.5985 56.9619 54.4783 52.193 50.1598 48.4473 47.1958 46.958 
48.5885 51.2046 54.0452 56.8584 59.4976 61.8062 63.4318 63.1949 60.6603 57.3058 
53.7754 50.3176 47.1411 44.6558 44.2462 46.6894 50.0842 53.3467 55.5093 55.4092 
53.781 51.497 48.8619 45.9976 42.9667 39.8109 36.5686 33.2931 30.1163 27.5462 

92.3759 90.5176 88.2988 85.8111 83.1365 80.3284 77.4257 74.4615 71.466 68.4684 
65.498 62.5857 59.7659 57.0788 54.5752 52.3241 50.4229 49.0123 48.305 48.6104 
50.0908 52.4079 55.0747 57.7491 60.1705 62.0532 62.9878 62.4831 60.5052 57.6404 
54.4678 51.4001 48.8309 47.2831 47.3912 49.2584 52.1253 55.0579 56.9881 56.9446 
55.4058 53.1504 50.5184 47.6511 44.6239 41.4943 38.325 35.2102 32.3253 29.9655 

93.2644 91.3707 89.1509 86.6557 83.9479 81.0839 78.1104 75.0674 71.9903 68.9124 
65.8666 62.8872 60.0127 57.2886 54.7748 52.5576 50.7705 49.6087 49.2903 49.9454 
51.5126 53.731 56.2577 58.773 60.9756 62.5278 63.0613 62.3555 60.5277 57.9621 
55.1074 52.3944 50.2853 49.2822 49.7074 51.4451 54.0127 56.825 59.2004 58.5949 
56.8676 54.6535 52.096 49.2982 46.3393 43.2919 40.2367 37.2792 34.5633 32.2508 

94.2546 92.3278 90.0788 87.5478 84.7897 81.8617 78.8153 75.6958 72.5429 69.393 
66.282 63.2472 60.3303 57.5792 55.0541 52.8406 51.0826 50.0356 50.0053 51.0143 
52.7986 55.0668 57.5442 59.9644 62.0518 63.4629 63.745 62.7668 60.8639 58.3974 
55.7148 53.1806 51.246 50.5309 51.2875 53.0911 55.4612 57.9182 59.6955 59.468 
58.0179 56.0025 53.6012 50.9271 48.0744 45.1308 42.1869 39.3443 36.7141 34.3976 

95.3517 93.3915 91.0936 88.5003 85.6696 82.6629 79.5368 76.3403 73.1158 69.9015 
66.7349 63.6562 60.7102 57.9467 55.4211 53.1984 51.3769 50.2215 50.4512 51.9548 
54.0436 56.4334 58.9212 61.2992 63.3512 64.8409 64.9798 63.534 61.4416 58.9625 
56.348 53.8633 51.795 51.1165 52.4346 54.3876 56.5943 58.63 59.9225 60.0013 
58.9995 57.2789 55.0772 52.5483 49.8099 46.9646 44.1093 41.3395 38.7461 36.4034 

96.558 94.5613 92.1934 89.5092 86.5799 83.4766 80.2617 76.9872 73.6959 70.4251 
67.2123 64.1003 61.1398 58.3873 55.901 53.7342 51.9297 50.5131 51.0508 53.0881 
55.4066 57.892 60.3931 62.7275 64.6808 65.9808 65.9054 64.3265 62.1311 59.629 
57.0687 54.7058 52.8367 52.3516 53.695 55.6458 57.7409 59.5637 60.6974 60.8784 
60.1244 58.628 56.5942 54.1885 51.5436 48.7716 45.9729 43.2388 40.6493 38.2671 

97.8749 95.8333 93.3655 90.5546 87.4966 84.2773 80.9657 77.6145 74.264 70.947 
67.6972 64.5594 61.5946 58.8759 56.4811 54.4897 52.9994 52.25 52.8632 54.6748 
56.9825 59.4795 61.9683 64.2509 66.072 67.025 66.6645 65.1109 62.8789 60.3554 
57.8421 55.6588 54.2135 54.0008 55.1058 56.9958 59.0932 60.899 62.0117 62.2236 
61.5546 60.1576 58.2114 55.8745 53.2804 50.5436 47.7645 45.0318 42.4202 39.9875 

99.3032 97.1975 94.5815 91.5955 88.3756 85.0238 81.612 78.1906 74.7947 71.4475 
68.1705 65.0072 62.0358 59.3559 57.0759 55.3155 54.2179 53.9762 54.7638 56.4589 
58.7012 61.1742 63.6378 65.8812 67.6782 68.5873 67.8409 66.0455 63.7013 61.1087 
58.5659 56.4254 55.1253 55.0707 56.2971 58.3717 60.6954 62.6889 63.8686 64.0413 
63.3208 61.9011 59.9524 57.6182 55.0229 52.2768 49.4782 46.7137 44.0563 41.5622 

100.843 98.6294 95.7805 92.5586 89.1488 85.6582 82.152 78.6743 75.2549 71.905 
68.6152 65.4146 62.4163 59.754 57.5648 56.0022 55.2239 55.3467 56.3782 58.1649 
60.4407 62.9269 65.3741 67.5572 69.2667 70.1741 69.0725 67.0805 64.6075 61.894 
59.2119 56.9006 55.4551 55.5005 57.1381 59.7104 62.5239 64.9609 66.2783 66.267 
65.362 63.8259 61.8033 59.4132 56.7663 53.9663 51.109 48.2804 45.5541 42.9875 

102.496 100.051 96.8273 93.3217 89.7238 86.1118 82.5308 79.0157 75.5965 72.2884 
69.0201 65.7447 62.6908 60.0118 57.8534 56.4068 55.8726 56.337 57.6943 59.7164 
62.1418 64.7134 67.1815 69.2878 70.7362 71.1328 70.1796 68.2016 65.6328 62.7783 
59.899 57.2592 55.2759 55.2755 57.7639 61.0523 64.4526 67.5962 69.1377 68.6611 
67.5316 65.8572 63.7271 61.2407 58.5002 55.6053 52.6513 49.7263 46.9078 44.257 

104.262 101.131 97.4434 93.7168 90.0006 86.3204 82.7003 79.167 75.7505 72.4841 
69.292 65.9184 62.8322 60.1222 57.9198 56.4632 56.1027 56.9725 58.7747 61.1452 
63.8121 66.5444 69.1071 71.2235 72.5445 72.7139 71.6271 69.5454 66.8462 63.8542 
60.8385 58.0261 55.5949 55.3416 58.8374 62.5848 66.267 69.4651 71.0765 70.8213 
69.6838 67.9268 65.6871 63.0803 60.2132 57.1871 54.0998 51.0454 48.1096 45.3626 

103.813 100.903 97.3002 93.6097 89.9146 86.2486 82.638 79.1084 75.6832 72.3698 
69.1129 65.894 62.873 60.1685 57.8785 56.2125 55.889 57.3863 59.7739 62.5473 
65.4926 68.432 71.1686 73.4481 74.8742 74.9147 73.5214 71.1693 68.2681 65.1402 
62.0954 59.4807 57.82 58.1888 60.8476 64.4577 68.1248 71.1423 72.7906 72.8827 
71.8332 70.0192 67.6647 64.9183 61.8978 58.7086 55.4528 52.2331 49.1509 46.2937 

101.928 99.566 96.45 93.0217 89.4788 85.9079 82.3577 78.863 75.4489 72.128 
68.9015 65.8006 62.9092 60.3116 58.0634 56.1904 55.4842 58.0761 60.957 64.0411 
67.2184 70.3528 73.2842 75.8258 77.6846 77.6477 75.685 72.9734 69.8298 66.5394 
63.455 61.038 59.8841 60.5475 62.9924 66.5043 70.2493 73.4039 75.1308 75.2028 
74.0747 72.1465 69.6524 66.7474 63.5527 60.1747 56.7171 53.2918 50.0241 47.038 

100.16 98.0048 95.2452 92.1108 88.7772 85.3519 81.9029 78.4772 75.1111 71.8353 
68.6842 65.713 63.0031 60.6482 58.7499 57.5057 57.6391 59.6446 62.4965 65.6789 
68.9859 72.2533 75.3075 77.954 79.9249 79.8508 77.6979 74.7956 71.4385 67.9316 
64.6625 62.1592 61.1102 62.0237 64.6929 68.4192 72.4866 76.1924 78.0801 77.7459 
76.3812 74.2887 71.6358 68.5614 65.1827 61.602 57.918 54.243 50.7305 47.5824 

98.5113 96.4667 93.9358 91.0437 87.9168 84.6545 81.3301 78 74.7116 71.5121 
68.458 65.627 63.1248 61.083 59.6638 59.0976 59.6958 61.5289 64.2243 67.3844 
70.743 74.0881 77.1942 79.766 81.3416 81.2763 79.5097 76.6129 73.0724 69.291 
65.6676 62.7063 61.3374 62.6244 65.8754 70.0129 74.3982 78.4888 80.5668 80.0696 
78.61 76.3933 73.5907 70.3515 66.7955 63.0196 59.1092 55.1558 51.3078 47.9126 

96.9821 95.0139 92.6397 89.9353 86.9901 83.887 80.6961 77.4766 74.2832 71.1731 
68.2169 65.5109 63.1896 61.4292 60.4255 60.3488 61.2936 63.2053 65.867 69.0126 
72.4046 75.8228 79.0135 81.6281 83.1857 83.1998 81.5395 78.552 74.7742 70.6961 
66.7059 63.1187 60.51 62.8443 66.8738 71.3655 75.8816 79.7399 81.9201 82.0525 
80.7206 78.4286 75.4908 72.1033 68.3952 64.4598 60.3701 56.188 51.9742 48.0146 

95.5729 93.6675 91.4103 88.8532 86.063 83.1076 80.0502 76.9483 73.8581 70.8402 
67.969 65.3475 63.1299 61.5452 60.8536 61.1819 62.4641 64.5517 67.2698 70.4347 
73.867 77.3821 80.7529 83.6425 85.5273 85.7509 83.9871 80.6591 76.5194 72.1745 
68.0539 64.5508 62.5912 64.3374 68.1566 72.6764 77.3068 81.3323 83.8204 84.184 
82.8098 80.3782 77.3012 73.7904 69.9712 65.9341 61.7548 57.5063 53.293 49.5187 

94.2822 92.4348 90.2715 87.8342 85.1774 82.3582 79.4317 76.4513 73.4705 70.5476 
67.7516 65.1737 62.9549 61.3704 60.8893 61.6498 63.3002 65.5912 68.3845 71.5641 
75.0147 78.6142 82.2128 85.5734 88.1925 88.9316 86.77 82.7158 78.0792 73.5218 
69.4693 66.4144 65.1309 66.2962 69.4979 73.8581 78.6685 83.2491 86.4342 86.6092 
84.8131 82.1546 78.9593 75.3718 71.4935 67.4145 63.2256 59.0346 55.0069 51.4257 

93.1071 91.3161 89.2309 86.8943 84.3559 81.665 78.8692 76.0156 73.1537 70.3379 
67.6305 65.1025 62.8384 60.9983 60.5834 61.9805 63.9808 66.4135 69.2232 72.3528 
75.7388 79.317 83.0243 86.7911 90.4624 92.7196 89.2258 84.0742 79.0185 74.3774 
70.4313 67.5902 66.418 67.3603 70.288 74.5686 79.5206 84.6153 89.4839 88.5005 
86.308 83.5866 80.3923 76.8067 72.9236 68.8444 64.6791 60.5548 56.6267 53.0667 

92.0424 90.3045 88.282 86.0324 83.6049 81.041 78.3799 75.6621 72.933 70.2461 
67.6661 65.269 63.1399 61.4118 61.1176 62.6699 64.7213 67.1212 69.8251 72.7917 
75.9773 79.339 82.8384 86.4422 90.0665 92.5338 88.8888 83.8079 78.9342 74.5005 
70.7096 67.8696 66.4963 67.2768 70.2697 74.6356 79.5586 84.3451 87.8427 88.402 
86.9771 84.6051 81.5882 78.0864 74.2365 70.1708 66.0218 61.9258 58.0213 54.4311 

91.0805 89.3792 87.3989 85.2312 82.9175 80.4876 77.9711 75.4018 72.8211 70.2833 
67.8656 65.6791 63.8838 62.7446 62.6981 63.7992 65.5834 67.7663 70.2311 72.9119 
75.7534 78.6947 81.6525 84.4762 86.7821 87.5019 85.5191 81.8705 77.8407 73.9621 
70.4742 67.5792 65.635 66.1247 69.7056 74.3256 79.1746 83.5822 86.7063 87.8891 
87.2832 85.4071 82.6435 79.2516 75.4335 71.3631 67.1975 63.0828 59.151 55.5082 

90.2104 88.466 86.5273 84.4599 82.2776 79.9976 77.6417 75.2374 72.8202 70.4416 
68.1861 66.1987 64.7033 63.942 64.0501 64.9637 66.4627 68.3437 70.4776 72.7792 
75.174 77.5726 79.8407 81.7522 82.9379 83.0294 81.7096 79.1978 76.1803 73.1001 
70.1582 67.5076 65.3517 65.5383 69.5169 74.1667 78.9633 83.2814 86.4401 87.9742 
87.8409 86.3071 83.7152 80.3732 76.5351 72.4107 68.1787 63.9955 59.9965 56.2867 

88.9695 87.3995 85.6067 83.6887 81.6671 79.5589 77.3844 75.1661 72.9311 70.719 
68.5993 66.7168 65.3822 64.905 65.1795 66.0187 67.282 68.8444 70.6038 72.477 
74.383 76.2213 77.8432 79.0317 79.501 79.3059 78.3327 76.5244 74.4522 72.3129 
70.137 68.1374 66.8309 67.3289 70.1494 74.4119 79.2313 83.7302 87.1242 88.9129 
88.9816 87.538 84.9319 81.5097 77.5591 73.3099 68.9513 64.6473 60.5425 56.7532 

87.6329 86.232 84.6368 82.9062 81.0709 79.1553 77.1843 75.1788 73.1564 71.1386 
69.161 67.2922 65.8517 65.7803 66.2343 67.0067 68.0461 69.286 70.6556 72.0864 
73.5072 74.8327 75.9385 76.6639 76.9061 76.6239 75.7136 74.1752 73.0749 71.953 
70.5748 69.2208 68.3649 68.6807 70.7891 74.8427 80.0297 85.045 88.8553 90.8335 
90.8444 89.1918 86.3328 82.668 78.4989 74.0515 69.5075 65.0291 60.7752 56.8921 

86.333 85.0597 83.646 82.1127 80.474 78.7616 77.0143 75.2537 73.4873 71.7221 
69.9809 68.3283 67.0908 67.0074 67.3946 68.0076 68.7936 69.7018 70.6786 71.6716 
72.6281 73.4906 74.1828 74.6281 74.8004 74.6457 74.084 73.1856 72.7454 72.3131 
71.5676 70.6834 69.9517 69.7527 70.9254 75.2208 81.4406 87.3341 91.7483 93.8294 
93.4238 91.1943 87.8331 83.7802 79.3109 74.6164 69.8479 65.1484 60.6885 56.6856 

85.042 83.8777 82.6304 81.2995 79.8489 78.3336 76.8272 75.3467 73.8849 72.4339 
71.0177 69.742 68.8497 68.5441 68.676 69.0471 69.5512 70.1219 70.7096 71.2764 
71.7921 72.2298 72.5678 72.8174 73.0281 73.1822 73.2295 73.2444 73.3602 73.3979 
73.1507 72.6747 72.1223 71.5844 71.0413 76.3812 83.896 90.6039 95.8207 97.919 
96.4444 93.2329 89.204 84.7024 79.9169 74.979 69.9935 65.0594 60.3176 56.116 

83.7305 82.648 81.537 80.4275 79.1218 77.7941 76.5512 75.3896 74.2803 73.1831 
72.0958 71.1077 70.3767 70.0047 69.9485 70.0901 70.3212 70.5644 70.7731 70.9265 
71.0217 71.0664 71.0791 71.1189 71.4215 71.9744 72.6412 73.4374 74.3063 74.968 
75.2076 75.2045 75.1866 75.3716 76.5697 81.0152 87.6039 94.2074 100.155 102.491 
98.9115 94.712 90.1142 85.25 80.2213 75.1104 69.985 64.9012 59.9064 55.1673 

82.3759 81.3338 80.2863 79.2379 78.1302 77.0494 76.0975 75.2907 74.5862 73.879 
73.0848 72.2836 71.646 71.2637 71.1115 71.0927 71.097 71.0401 70.8832 70.6309 
70.3162 69.9882 69.71 69.5688 69.9424 70.8126 71.9962 73.5043 75.2745 76.7844 
77.3966 77.9238 78.6844 79.8988 82.1518 86.1292 91.4617 96.9678 101.371 102.394 
99.4135 95.0863 90.2908 85.2702 80.1392 74.9745 69.8396 64.7977 59.9495 55.6578 

80.9715 79.9295 78.8923 77.8778 76.9071 76.0443 75.3687 74.925 74.6863 74.4533 
73.8943 73.1661 72.5928 72.2582 72.109 72.028 71.8794 71.5608 71.0469 70.3842 
69.6535 68.9511 68.3989 68.1758 68.5168 69.4967 71.0367 73.0736 75.5616 78.0219 
78.9772 80.2392 81.8799 83.8692 86.452 90.0295 94.4622 98.8337 101.473 101.2 
98.4633 94.3728 89.6731 84.7013 79.6191 74.526 69.5037 64.6436 60.086 56.0598 

79.5251 78.4501 77.3893 76.38 75.4727 74.7389 74.2604 74.1096 74.33 74.8207 
74.3212 73.5571 73.1053 72.9221 72.8997 72.8846 72.6852 72.1449 71.2634 70.1677 
68.9988 67.8884 66.9923 66.5294 66.7599 67.8168 69.605 71.9406 74.6091 77.1827 
79.3737 81.6596 84.2985 86.869 89.2756 92.3341 96.0905 100.025 101.623 99.8508 
96.8021 92.8539 88.3567 83.567 78.6509 73.7258 68.8918 64.2537 59.9365 56.0733 

78.0532 76.9139 75.7902 74.7327 73.8083 73.0983 72.6904 72.6613 73.0464 73.6771 
73.5621 73.1895 73.0776 73.1958 73.4372 73.6442 73.547 72.8114 71.5057 69.9438 
68.3211 66.7701 65.4373 64.5564 64.5426 65.6996 67.7346 70.2836 73.1047 75.9826 
78.8489 81.8914 85.3602 88.4561 90.2994 92.8093 95.779 98.6815 99.4686 97.4702 
94.4335 90.6951 86.4666 81.9374 77.2611 72.5622 67.9516 63.5371 59.4266 55.7123 

76.5798 75.3453 74.1137 72.9452 71.9177 71.123 70.6541 70.579 70.888 71.393 
71.786 72.1011 72.518 73.058 73.6532 74.2019 74.4833 73.5061 71.6579 69.6443 
67.6035 65.6346 63.8452 62.383 61.8144 63.3052 65.6339 68.3495 71.3095 74.3998 
77.5748 80.8646 84.2174 87.1242 89.3841 91.5909 93.7565 95.3749 95.5735 94.0799 
91.4277 88.0299 84.1288 79.9042 75.5045 71.0574 66.679 62.4791 58.5589 54.9981 

75.1376 73.7797 72.3955 71.0522 69.8382 68.8586 68.2222 68.014 68.2524 68.8525 
69.6604 70.5726 71.5519 72.5507 73.4875 74.2569 74.6722 73.5776 71.4893 69.1955 
66.8434 64.5527 62.4484 60.6803 59.799 61.2778 63.5879 66.3148 69.3214 72.492 
75.7427 79.0024 82.1367 84.9185 87.2571 89.2519 90.8598 91.7914 91.6737 90.3745 
88.0762 85.0398 81.4816 77.573 73.4576 69.2627 65.1069 61.1043 57.3602 53.958 

73.7684 72.2659 70.6898 69.1143 67.6383 66.3842 65.4935 65.1001 65.2895 66.0763 
67.3326 68.8141 70.3409 71.7908 73.0272 73.8522 73.9473 72.9409 71.0034 68.6062 
66.0491 63.5376 61.276 59.5589 58.9061 59.7278 61.6627 64.2537 67.221 70.3774 
73.5889 76.7414 79.7071 82.3499 84.5832 86.3679 87.6225 88.1861 87.8913 86.6789 
84.6312 81.9047 78.6632 75.0544 71.2098 67.2504 63.2937 59.4596 55.8684 52.6235 

72.5212 70.8627 69.0653 67.215 65.4173 63.8079 62.5769 61.9482 62.0737 63.0978 
64.9297 66.9947 69.0426 70.9339 72.4966 73.4649 73.5089 72.4525 70.4794 67.9655 
65.2354 62.5368 60.1144 58.2926 57.4891 57.9923 59.6798 62.1633 65.0803 68.183 
71.3076 74.3304 77.139 79.6286 81.7105 83.3049 84.3219 84.6662 84.266 83.1055 
81.2368 78.7598 75.793 72.4547 68.8572 65.1085 61.3186 57.6106 54.1301 51.0277 

71.4479 69.6295 67.5932 65.4551 63.3119 61.2845 59.6063 58.7022 58.8953 60.2464 
62.7333 65.2959 67.7818 70.0857 72.0469 73.3449 73.484 72.2533 70.0425 67.3255 
64.4142 61.5255 58.8699 56.7364 55.5745 55.8661 57.5534 60.0808 62.9927 66.0316 
69.044 71.9202 74.5671 76.8987 78.831 80.2688 81.1102 81.298 80.8241 79.7013 
77.9693 75.6955 72.9649 69.8685 66.4964 62.9379 59.2858 55.6528 52.2075 49.204 

70.5959 68.5951 66.3185 63.9379 61.5053 59.0731 56.8059 55.4319 56.2028 58.335 
61.0352 63.8543 66.6086 69.222 71.6036 73.4918 73.9212 72.2136 69.5842 66.6422 
63.5913 60.5588 57.6667 55.086 53.2496 53.3842 55.4547 58.1792 61.0997 64.0446 
66.9097 69.6129 72.0816 74.248 76.0435 77.3726 78.0674 78.1099 77.5758 76.4869 
74.8696 72.77 70.2488 67.3746 64.2177 60.8469 57.3306 53.7455 50.2242 47.1848 

70.0001 67.6421 65.2235 62.7421 60.1959 57.5852 54.9161 52.2106 54.3811 57.0622 
59.8635 62.703 65.4965 68.1952 70.7695 73.1976 74.4399 71.6903 68.7996 65.8079 
62.7686 59.7412 56.7849 53.9513 51.2754 51.2932 53.9804 56.7579 59.5625 62.327 
64.9857 67.4758 69.7379 71.7162 73.3596 74.6214 75.1708 75.0804 74.5145 73.4694 
71.9602 70.0196 67.6928 65.0328 62.095 58.9339 55.6007 52.1415 48.5967 45 

